M1 : -16125.451401625425 
 M2 : -16072.465972482467 
 M3 : -16104.507242076754 
 M4 : -16003.28076109571 
 M5 : -16470.61101989125 
 M6 : -16423.27998456067 
 M7 : -16393.379483447687 
 M8 : -16271.858558962587 
 M9 : -16132.110326869755 
 M10 : -16075.065067544238 
 M11 : -16114.876751557567 
 M12 : -16005.878224165295 
 M13 : -16474.30460298813 
 M14 : -16418.173333225393 
 M15 : -16392.22774450775 
 M16 : -16284.077201893684 
 M9 : -16132.11032686974 
 M10 : -16075.065067544223 
 M11 : -16114.876751557524 
 M12 : -16005.878224165273 
 M13 : -16474.30460298808 
 M1 : -16125.45140162544 
 M2 : -16072.465972482467 
 M3 : -16104.507242076761 
 M4 : -16003.280761095717 
 M5 : -16470.611019891272 
 M6 : -16423.27998456065 
 M7 : -16393.37948344771 
 M8 : -16271.858558962624 
 M14 : -16418.173333225357 
 M15 : -16392.227744507698 
 M16 : -16284.077201893728 
 