M1 : -12962.770811899074 
 M2 : -12930.764745238463 
 M3 : -12866.406667766565 
 M4 : -12799.639914497613 
 M5 : -13156.729632164654 
 M6 : -13108.32441357326 
 M7 : -13042.499348346308 
 M8 : -12945.869854991884 
 M9 : -13021.78438361768 
 M10 : -12980.666426074895 
 M11 : -12926.459994461427 
 M12 : -12859.902342560432 
 M13 : -13211.78011758615 
 M14 : -13150.434483684901 
 M15 : -13095.247051766404 
 M16 : -13000.145243965664 
 M13 : -13210.03592592954 
 