M1 : -13446.64308253593 
M2 : -13482.782794418377 
M3 : -13418.87479941645 
M4 : -13467.077104878963 
M5 : -13660.87297541151 
M6 : -13688.727799305401 
M7 : -13614.45195618152 
M8 : -13639.361235635231 
M9 : -13518.954448215614 
M10 : -13547.519171666172 
M11 : -13492.563341907424 
M12 : -13539.76442458892 
M13 : -13729.00931531346 
M14 : -13749.845830699252 
M15 : -13683.537838435368 
M16 : -13708.049206689968 
M13 : -13727.84652087572 
