M1 : -16595.185384890094 
M2 : -16618.32086687443 
M3 : -16644.627912700533 
M4 : -16667.639009161816 
M5 : -16967.091362834795 
M6 : -16992.662078763537 
M7 : -16959.048422599808 
M8 : -16963.794190210247 
M9 : -16617.455567173016 
M10 : -16637.19680671148 
M11 : -16668.14072527859 
M12 : -16686.79015272486 
M13 : -16986.968995554187 
M14 : -17007.00871345777 
M15 : -16976.20134432007 
M16 : -16986.624701426386 
M9 : -16617.45556717301 
M10 : -16637.196806711472 
M11 : -16668.14072527857 
M12 : -16686.79015272485 
M13 : -16986.96899555416 
M1 : -16595.1853848901 
M2 : -16618.32086687443 
M3 : -16644.627912700536 
M4 : -16667.63900916182 
M5 : -16967.091362834806 
M6 : -16992.662078763526 
M7 : -16959.04842259982 
M8 : -16963.794190210265 
M14 : -17007.00871345775 
M15 : -16976.201344320045 
M16 : -16986.624701426408 
